1000
254072
500532
736389
969789
1192434
1409138
1614558
1818380
2010872
2204978
2393932
2574683
2753624
2924893
3084960
3252756
3405773
3570239
3726879
3882397
4031934
4176395
4319427
4462889
4603873
4739821
4869789
4995610
5119218
5239234
5347512
5458675
5555203
5663828
5763583
5875402
5973093
6069976
6166813
6250029
6338665
6431582
6521528
6614398
6697184
6777132
6859148
6940291
7015563
7089015
7168971
7242779
7311217
7384330
7451812
7524877
7592136
7650222
7719635
7779421
7843529
7908756
7970158
8035596
8090668
8159381
8222440
8286429
8344002
8395357
8446025
8496672
8546499
8595521
8639376
8691250
8738996
8784332
8823317
8871950
8917332
8966616
9015174
9064270
9100970
9148565
9194470
9240108
9279744
9320438
9363608
9402453
9439827
9477349
9517563
9551562
9589814
9625668
9663692
9700290
9730478
9765832
9796402
9829683
9865248
9895898
9924967
9955193
9985710
10015755
10044734
10078867
10108212
10139141
10170107
10195961
10223510
10256549
10282023
10306409
10334749
10358951
10382892
10408784
10436010
10462912
10486902
10514197
10535871
10562144
10586496
10610102
10638325
10662770
10683313
10709374
10731424
10752115
10769600
10787882
10808537
10835006
10858658
10880487
10903537
10924795
10946018
10964665
10986149
11009451
11029051
11048788
11069117
11085938
11100256
11115934
11132597
11149104
11168809
11186953
11203706
11222871
11238825
11252731
11268821
11286934
11303951
11319193
11332510
11352439
11370157
11385528
11402169
11419065
11433092
11449112
11462713
11477046
11494655
11508047
11523107
11534341
11546464
11559560
11573325
11584772
11597428
11614256
11627602
11639052
11650783
11663335
11677713
11687866
11701240
11713975
11724942
11736057
11746666
11760544
11770443
11781281
11790737
11801980
11813406
11825421
11837411
11850616
11861949
11873062
11883511
11893968
11905457
11917306
11931128
11940031
11950698
11963047
11973882
11983675
11992539
12003001
12014533
12023519
12036561
12046103
12057432
12065368
12072893
12082921
12091336
12099458
12107511
12116016
12127742
12137657
12144595
12153286
12159980
12172468
12182859
12190529
12201221
12210672
12219163
12228018
12236501
12245982
12253852
12261591
12270059
12278740
12288098
12294987
12303277
12313839
12324064
12329344
12337371
12341968
12350935
12357422
12364802
12373919
12382627
12391863
12399817
12405575
12412598
12419921
12425646
12432625
12438254
12448359
12454467
12463362
12471105
12477316
12483601
12488958
12496481
12502388
12508298
12514500
12519284
12526114
12531845
12539157
12544531
12551109
12555899
12559627
12567169
12574459
12582571
12587886
12595849
12601550
12608978
12616467
12621210
12628007
12632693
12637385
12643253
12648783
12657245
12662954
12669145
12673764
12677192
12681143
12684417
12688944
12694152
12698297
12703902
12711425
12716409
12721645
12726915
12732189
12738800
12745473
12749643
12754428
12759790
12764398
12770128
12775765
12780785
12784652
12789109
12793881
12797718
12801553
12805637
12811912
12817020
12821716
12827070
12833117
12838559
12842029
12844831
12849578
12855789
12860241
12863908
12869514
12873734
12877011
12881610
12885095
12890288
12894439
12897187
12902335
12906498
12910246
12914441
12917459
12922533
12927371
12931035
12935880
12939353
12944176
12947578
12950187
12954234
12959060
12962510
12966766
12968757
12971689
12976442
12980681
12983625
12985946
12989272
12993298
12997125
13001191
13004760
13009192
13013677
13015009
13017892
13021447
13025579
13029868
13035208
13038830
13041705
13046201
13049260
13051733
13055456
13059186
13061612
13064734
13068458
13070398
13073308
13076385
13080902
13083685
13086286
13088912
13092444
13094645
13097773
13101100
13105178
13108963
13110703
13114249
13117496
13120119
13122293
13125130
13128608
13130782
13132235
13136540
13139181
13141612
13145949
13150157
13152554
13155319
13157925
13162462
13165747
13169018
13170682
13173335
13175036
13176964
13179358
13181970
13184671
13186980
13191138
13193975
13197040
13200677
13202971
13205823
13208728
13211546
13213675
13217087
13219986
13222442
13223728
13226810
13229707
13233493
13235165
13238814
13241423
13244989
13247047
13248783
13252131
13255064
13256294
13257937
13261147
13263588
13265878
13269246
13270679
13273640
13276143
13277144
13279659
13281581
13284669
13286777
13289467
13291523
13294862
13298016
13300116
13304608
13306315
13309410
13312321
13314594
13316452
13319051
13320103
13322819
13325256
13328742
13332636
13334667
13337743
13340452
13342258
13344069
13345906
13347942
13351573
13353182
13355546
13356795
13358449
13360041
13362643
13365152
13367497
13370620
13371465
13372880
13373520
13375323
13376784
13379309
13380930
13381795
13383388
13385190
13387232
13388877
13391234
13393295
13394758
13397411
13398624
13401000
13403935
13405533
13407945
13410191
13411944
13413980
13416267
13418009
13419828
13422880
13425935
13428803
13429962
13432146
13433402
13434583
13435219
13437435
13438848
13441085
13443483
13444469
13447977
13450349
13452337
13453900
13455858
13457580
13460095
13462309
13464321
13466129
13467920
13470348
13472304
13473691
13474928
13476711
13478294
13479109
13480847
13482011
13483606
13485326
13487127
13488919
13490114
13491423
13492827
13494216
13495599
13498155
13500355
13501692
13503487
13506691
13508078
13509064
13511210
13513716
13514877
13516480
13518248
13520761
13521950
13522911
13524675
13526417
13527981
13529336
13530944
13532893
13533657
13534599
13535966
13537669
13538818
13540092
13541674
13543036
13545128
13546457
13548602
13550294
13551789
13553707
13555027
13556749
13558121
13559479
13561923
13562898
13564439
13566171
13568209
13570180
13571684
13573954
13574944
13576866
13578928
13579923
13581269
13582193
13583110
13584602
13585001
13586271
13587215
13588602
13589538
13590831
13591789
13592773
13595213
13596019
13597176
13598101
13599051
13600349
13601728
13602859
13603814
13604978
13606709
13607640
13609533
13611096
13612576
13615182
13616768
13617339
13618462
13619217
13620544
13621946
13622695
13623266
13624641
13624641
13625656
13626385
13628391
13630593
13630950
13631330
13633237
13634515
13635812
13636376
13637660
13639201
13640527
13641654
13643518
13644823
13646486
13647990
13649922
13651226
13652193
13653276
13654776
13655879
13657349
13658888
13659842
13661551
13662830
13663793
13664737
13665853
13667131
13668431
13669173
13670280
13670844
13671981
13672334
13673086
13674401
13675875
13676983
13677537
13678650
13679734
13681204
13682325
13683422
13684303
13685952
13687198
13687736
13688144
13688341
13689784
13690870
13691601
13693604
13694921
13696373
13697143
13699194
13700656
13701189
13701563
13702066
13702577
13703840
13704750
13705342
13706313
13707255
13708168
13708757
13709301
13710764
13711854
13713329
13713722
13714460
13714811
13716121
13717409
13718318
13719221
13719966
13720676
13721918
13723032
13724477
13725024
13725613
13727092
13727457
13728771
13728950
13730812
13731374
13732800
13733846
13734368
13735066
13736309
13737041
13738645
13740045
13740818
13742108
13743171
13744622
13745671
13746899
13748147
13749034
13749393
13749948
13750271
13750974
13752770
13753852
13754766
13754945
13755689
13756765
13757984
13758883
13759822
13760507
13761042
13761949
13763575
13764306
13765932
13766441
13766810
13767719
13768092
13768476
13769582
13770298
13771212
13772462
13772635
13773716
13774883
13775588
13775925
13776972
13777747
13778280
13778453
13778995
13779731
13780622
13782035
13782393
13783088
13784145
13784696
13785589
13786525
13787050
13787747
13789209
13790252
13790954
13791987
13792692
13793541
13794624
13795154
13795700
13796050
13796591
13796591
13797284
13798537
13799088
13799088
13799942
13799942
13801502
13802212
13802591
13802927
13803793
13804148
13805388
13806639
13808504
13809027
13809356
13810931
13811627
13812495
13813436
13814649
13815504
13816670
13817866
13818029
13818496
13818855
13820132
13821370
13822065
13822245
13823451
13824125
13824455
13824801
13825297
13826668
13828028
13829456
13830006
13830718
13831209
13832282
13832987
13833549
13834036
13835406
13836661
13837163
13837509
13838759
13839288
13839462
13840516
13841732
13842430
13842938
13844403
13845077
13845604
13846139
13846642
13846827
13847710
13848235
13848406
13848765
13849127
13850211
13850906
13852103
13853024
13853855
13854407
13855634
13856339
13857213
13858035
13858384
13859243
13859759
13860080
13860918
13861087
13861772
13862505
13862682
13863213
13863553
13863737
13863911
13865290
13866149
13867230
13868109
13868434
13869299
13870089
13870437
13870761
13871965
13872973
13873532
13874429
13874980
13875511
13876391
13877056
13877246
13877916
13878253
13879272
13880807
13881848
13882374
13883443
13884126
13884308
13884633
13884811
13885338
13886046
13886225
13887449
13887973
13888506
13888849
13889354
13890900
13891564
13892197
13893094
13893774
13894954
13895310
13896336
13897385
13897565
13898280
13898962
13899120
13900316
13900975
13901869
13902509
13903317
13903957
13904646
